2	4
2	5
2	6
3	5
3	6
4	6
94	96
94	97
94	98
94	99
94	100	
95	97
95	98
95	99
95	100
96	98
96	99
96	100
97	99
97	100
98	100
157	159
157	160
157	161
158	160
158	161
159	161
199	201
199	202
199	203
199	204
200	202
200	203
200	204
201	203
201	204
202	204
262	266
262	267
262	268
262	269
262	270
263	267
263	268
263	269
263	270
264	268
264	269
264	270
265	269
265	270
266	270
274	276
274	277
274	278
275	277
274	278
276	278
299	301	
299	302
299	303
300	302
300	303
301	303
352	358	
352	359
352	360
352	361
352	362
352	363
352	364
353	359
353	360
353	361
353	362
353	363
353	364
354	360
354	361
354	362
354	363
354	364
355	361
355	362
355	363
355	364
356	362
356	363
356	364
357	363
357	364
358	364
411	413	
411	414
411	415
411	416
411	417
412	414
412	415
412	416
412	417
413	415
413	416
413	417
414	416
414	417
415	417
468	470
468	471
468	472
468	473
468	474
565	567
565	568
565	569
566	568
566	569
567	569
587	589
587	590
587	591
587	592
587	593
588	590
588	591
588	592
588	593
589	591
589	592
589	593
590	592
590	593
591	593
622	624
622	625
622	626
623	625
623	626
624	626
708	710
708	711
708	712
709	711
709	712
710	712
802	804
802	805
802	806
803	805
803	806
804	806
862	866
862	867
862	868
862	869
862	870
862	871
863	867
863	868
863	869
863	870
863	871
864	868
864	869
864	870
864	871
865	869
865	870
865	871
866	870
866	871
867	871